7
  0  29 999 999 999  10 999
 29   0  16 999 999 999  15
999  16   0  12 999 999 999
999 999  12   0  22 999  18
999 999 999  22   0  27  25
 10 999 999 999  27   0 999
999  15 999  18  25 999   0